0	"CMP
Conditioning Simulation"	0	0	0	0	0	CMP SETTING	0	0	0	0	0	0	üOn Pad Tracker - PAD위 Wafer상 한 점의 경로를 계산	0	0	0	0	0	0	0	0	0	0	0
0	0	0	0	0	0	0	0	0	0	0	0	0	0	0	0	0	0	0	0	0	0	0	0	0	0
0	0	0	0	0	0	0	0	0	0	0	0	0	0	0	0	0	0	0	0	0	0	0	0	0	0
0	0	0	0	0	0	0	0	0	0	0	0	0	0	"d (mm)
((0 ≤ d ≤ 150)"	0	150	0	0	0	0	0	0	0	0	0
0	0	0	0	0	0	0	0	0	0	0	0	0	0	0	0	0	0	0	0	0	0	0	0	0	0
0	0	0	0	0	0	0	0	0	0	0	0	0	0	Sweep축과의 각도(º)	0	0	0	0	0	0	0	0	0	0	0
0	0	0	0	0	0	0	0	0	0	0	0	0	0	0	0	0	0	0	0	0	0	0	0	0	0
0	0	0	0	0	0	0	0	0	0	0	0	0	0	0	0	0	0	0	0	0	0	0	0	0	0
0	0	0	0	0	0	0	0	0	0	0	0	0	0	0	0	0	0	0	0	0	0	0	0	0	0
0	0	0	0	0	0	0	0	0	0	0	0	0	0	0	0	0	0	0	0	0	0	0	0	0	0
0	0	0	0	0	0	0	0	0	0	0	0	0	0	0	0	0	0	0	0	0	0	0	0	0	0
0	0	0	0	0	0	0	0	0	0	0	0	0	0	0	0	0	0	0	0	0	0	0	0	0	0
0	0	0	0	0	0	0	0	0	0	0	0	0	0	0	0	0	0	0	0	0	0	0	0	0	0
0	0	0	0	0	0	0	0	0	0	0	0	0	0	0	0	0	0	0	0	0	0	0	0	0	0
0	0	0	0	0	0	0	0	0	0	0	0	0	0	0	0	0	0	0	0	0	0	0	0	0	0
0	"Platen
RPM"	"Head
RPM"	"CMP Time (s)
≤150"	0	0	0	0	0	0	0	0	0	0	0	0	0	0	0	0	0	0	0	0	0	0
0	0	0	0	0	0	0	0	0	0	0	0	0	0	0	0	0	0	0	0	0	0	0	0	0	0
0	60	61	30	0	0	충돌여부	0	0	0	0	0	0	0	0	0	0	0	0	0	0	0	0	0	0	0
0	0	0	0	0	0	X	0	0	0	0	0	0	0	0	0	0	0	0	0	0	0	0	0	0	0
0	0	0	0	0	0	0	0	0	0	0	0	0	0	0	0	0	0	0	0	0	0	0	0	0	0
0	Head Sweep RCP	0	0	0	0	0	Condition Sweep RCP	0	0	0	0	0	0	0	0	0	0	0	0	0	0	0	0	0	0
0	Sweeps/min	0	19	0	0	0	Sweeps/min	0	19	0	0	0	0	0	0	0	0	0	0	0	0	0	0	0	0
0	Start position(inch)	0	6.2	0	0	0	Start Point (inch)	0	2.7	(≥0.2)	0	0	0	0	0	0	0	0	0	0	0	0	0	0	0
0	End position(inch)	0	7.2	0	0	0	End Point (inch)	0	14.7	(≤15)	0	0	0	0	0	0	0	0	0	0	0	0	0	0	0
0	Num of Zones	0	10	(≤13)	0	0	Num of Zones	0	13	(≤13)	0	0	0	0	0	0	0	0	0	0	0	0	0	0	0
0	0	0	0	0	0	0	0	0	0	0	0	0	0	0	0	0	0	0	0	0	0	0	0	0	0
0	Head Sweep	0	0	0	0	0	Conditioner Sweep	0	0	0	0	0	0	üPad Conditioner Location on Platen - PAD위 Disk 중심의 경로를 계산	0	0	0	0	0	0	0	0	0	0	0
0	No.	Zone (in)-(in)	0	Relative Time	% (≥0.5)	0	No.	Zone (in)-(in)	0	Relative Time	% (≥0.5)	0	0	0	0	0	0	0	0	0	0	0	0	0	0
0	1	6.2	6.3	1	0.1	0	1	2.7	3.623076923	1	0.076923077	0	0	0	0	0	0	0	0	0	0	0	0	0	0
0	2	6.3	6.4	1	0.1	0	2	3.623076923	4.546153846	1	0.076923077	0	0	0	0	0	0	0	0	0	0	0	0	0	0
0	3	6.4	6.5	1	0.1	0	3	4.546153846	5.469230769	1	0.076923077	0	0	0	0	0	0	0	0	0	0	0	0	0	0
0	4	6.5	6.6	1	0.1	0	4	5.469230769	6.392307692	1	0.076923077	0	0	0	0	0	0	0	0	0	0	0	0	0	0
0	5	6.6	6.7	1	0.1	0	5	6.392307692	7.315384615	1	0.076923077	0	0	0	0	0	0	0	0	0	0	0	0	0	0
0	6	6.7	6.8	1	0.1	0	6	7.315384615	8.238461538	1	0.076923077	0	0	0	0	0	0	0	0	0	0	0	0	0	0
0	7	6.8	6.9	1	0.1	0	7	8.238461538	9.161538462	1	0.076923077	0	0	0	0	0	0	0	0	0	0	0	0	0	0
0	8	6.9	7	1	0.1	0	8	9.161538462	10.08461538	1	0.076923077	0	0	0	0	0	0	0	0	0	0	0	0	0	0
0	9	7	7.1	1	0.1	0	9	10.08461538	11.00769231	1	0.076923077	0	0	0	0	0	0	0	0	0	0	0	0	0	0
0	10	7.1	7.2	1	0.1	0	10	11.00769231	11.93076923	1	0.076923077	0	0	0	0	0	0	0	0	0	0	0	0	0	0
0				1.03		0	11	11.93076923	12.85384615	1	0.076923077	0	0	0	0	0	0	0	0	0	0	0	0	0	0
0				1.03		0	12	12.85384615	13.77692308	1	0.076923077	0	0	0	0	0	0	0	0	0	0	0	0	0	0
0				1.28		0	13	13.77692308	14.7	1	0.076923077	0	0	0	0	0	0	0	0	0	0	0	0	0	0
0	0	0	0	0	0	0	0	0	0	0	0	0	0	0	0	0	0	0	0	0	0	0	0	0	0
